B_steel=[0.000	0.010	0.020	0.035	0.066	0.099	0.148	0.203	0.263	0.324	0.485	0.540	0.589	0.643	0.682	0.784	0.951	1.002	1.062	1.164	1.220	1.271	1.316	1.370	1.427	1.460	1.509	1.552	1.608	1.706	1.754	1.803	1.842	1.886	1.925	1.965	1.999	2.008];
H_steel=[0	1	2	2	3	4	5	7	8	9	10	11	11	12	12	13	15	15	16	17	18	19	21	22	25	27	30	34	41	66	93	154	267	499	952	1944	4446	9721];

