B_iron =[	0.000	0.004	0.008	0.014	0.023	0.035	0.050	0.068	0.090	0.114	0.140	0.168	0.196	0.250	0.300	0.392	0.437	0.562	0.695	0.813	0.850	0.929	1.000	1.025	1.100	1.149	1.171	1.222	1.250	1.325	1.362	1.403	1.426	1.490	1.550	1.588	1.625	1.662	1.711	1.744	1.790	1.801	1.814	1.819	1.824	1.832];
H_iron=	[0	3	6	11	17	25	35	47	59	73	86	100	112	136	157	199	222	301	419	564	619	768	955	1039	1408	1784	1995	2626	3106	5440	6885	9128	10539	15323	21719	27452	34628	43626	58218	73137	95813	101557	109710	112872	116398	123026];
